{"1": [[0.9999995276866996, -0.00012791445224730885, -0.0009634647220193582, -0.3132891051337022], [0.00012792238570291659, 0.9999999917845351, 8.172678054793603e-06, -0.11832642372896279], [0.0009634636687003151, -8.295922900525277e-06, 0.9999995358343607, 0.9422572865475959]], "2": [[0.9999999938151951, -9.856599706432011e-05, -5.152042235166687e-05, -0.043750742374652325], [9.856306882974168e-05, 0.9999999935275056, -5.683582689708366e-05, 0.25120767774572755], [5.15260240983792e-05, 5.683074853413128e-05, 0.9999999970576673, -0.9669439359049032]], "3": [[0.9999996968977833, 0.00027741054119714836, 0.0007274941464610607, -0.5391103839554465], [-0.0002775925168108286, 0.999999930208376, 0.00025005127073059186, -0.01973097975273932], [-0.0007274247288295288, -0.00025025314187043443, 0.9999997041132704, -0.8420039681316281]], "4": [[0.9999978048113038, -0.0006064671028725432, -0.0020056346193779717, -0.47185947297173647], [0.0006037533086129532, 0.9999989018758677, -0.0013534138322007783, -0.35052949876755707], [0.0020064532179079886, 0.0013521999526646122, 0.9999970728461018, 0.8089979655478747]], "5": [[0.9999916016717814, 0.000161384385365948, -0.004095185097825971, -0.653898145316141], [-0.00014807754559614805, 0.9999947094564465, 0.0032494818290840777, 0.5464391642929207], [0.004095687847698537, -0.0032488481339109088, 0.9999863350700635, 0.5232795192619003]], "6": [[0.9999953054023978, 0.002991317995255191, -0.0006642212111755419, -0.4398250735494527], [-0.0029915690790160224, 0.9999954540537618, -0.0003773410341183364, 0.08539253253544078], [0.0006630894446367219, 0.0003793263262902996, 0.9999997082119204, -0.8940145524902838]], "7": [[0.9999955032976711, 0.00027079155769642316, -0.0029866463417667632, -0.7207935553455032], [-0.000270641458217126, 0.999999962093336, 5.066090599643164e-05, -0.07061340613371987], [0.0029866599470987354, -4.9852367869508696e-05, 0.9999955386785987, 0.6895436153330574]], "8": [[0.9999986407396511, -0.0007794898089113489, -0.0014528986504427355, 0.39482326934523415], [0.0007794498481165438, 0.9999996958349525, -2.8070214275269234e-05, 0.09640274663174986], [0.0014529200889675797, 2.6937714488084463e-05, 0.99999894414823, -0.9136854472001813]], "9": [[0.9999961062506042, -0.0027640969514735395, -0.0003837338565047532, 0.37638533251898704], [0.0027633830604011853, 0.9999944731621291, -0.0018486100881709433, 0.14918852116857975], [0.0003888414731790246, 0.001847542486507897, 0.9999982176929464, -0.914372389465093]], "10": [[0.9999998963065115, -0.0004538191431564184, -3.788338906890454e-05, 0.13977849550168492], [0.00045378969392057336, 0.9999995976636251, -0.0007737877623447964, 0.20474851702913524], [3.823453352630457e-05, 0.0007737704910164844, 0.9999996999086288, -0.9687827501404302]], "11": [[-0.9885319923828761, 0.015089207077193509, -0.1502558347130756, -0.07696651948314422], [0.015585391745786171, -0.9794878272433856, -0.20089970593846534, -0.10131646399893575], [-0.15020517833840435, -0.2009375826265783, 0.968019882176247, 0.9918725366706163]], "12": [[0.9999989821987371, 0.0001584546495159156, -0.0014179187616373823, -0.3934330551914502], [-0.00015850257953238522, 0.9999999868709321, -3.3690768416180794e-05, -0.09136151550688125], [0.0014179134045622654, 3.3915477906792946e-05, 0.9999989941851528, 0.9148024401842221]], "13": [[0.9999999279393508, 0.0003787989012160413, 2.5153251155152212e-05, 0.28818401369569757], [-0.00037879315248870796, 0.9999999022291793, -0.000228160863974381, -0.0020417160334878968], [-2.523967578055286e-05, 0.0002281513196536549, 0.9999999736549667, 0.9575728722378661]], "14": [[0.9999980332299825, 0.0013472151137848797, -0.001455523137764092, 0.2993958488985234], [-0.001347370554191745, 0.999999086697131, -0.00010581821065999697, 0.08966155526063752], [0.0014553792485380579, 0.00010777913155660124, 0.999998935126884, -0.9499068013076737]], "15": [[0.9999990084564173, 0.0013690937096983644, 0.0003296492026303374, -0.060674195174736635], [-0.0013691965229405295, 0.999999014020563, 0.00031186340359211015, -0.008244191512076046], [-0.0003292219073789543, -0.0003123144489079084, 0.999999897036305, -0.9981235771918276]], "16": [[0.9999998007259066, 0.0005708713261449545, -0.00026954420090935516, 0.154625007013505], [-0.0005708436519872044, 0.9999998317914078, 0.00010273597664791495, -0.041857210802295826], [0.00026960280459292774, -0.00010258208857929357, 0.9999999583956206, 0.9870861568829368]], "17": [[0.9999981396206744, 0.00031978844604696466, -0.0019022330403729026, 0.37459316956925404], [-0.00032031172491176624, 0.9999999109458824, -0.0002747883308186899, 0.08932406534127225], [0.001902144996837829, 0.00027539712715447806, 0.999998152998711, -0.9228765728216143]], "18": [[0.9999989576782146, 6.269496126316831e-07, -0.0014438289688674943, 0.13171586343304165], [-2.062365990929127e-06, 0.9999995058086273, -0.000994172141862537, 0.17833950517785835], [0.0014438276320438148, 0.0009941740833189494, 0.99999846348865, -0.9751133022439007]], "19": [[0.9999997955681327, -0.000393853353557658, -0.0005037293194840031, 0.06991128691891337], [0.0003938649531785832, 0.9999999221723388, 2.2928497855893848e-05, -0.03988309164263462], [0.0005037202498140991, -2.312689449354699e-05, 0.9999998728655202, -0.9967556124559153]], "20": [[0.9999987033517358, -0.001274856791833888, -0.000983887700071101, -0.0958618638819557], [0.0012746090038839517, 0.9999991558247008, -0.0002524317217447447, -0.18677690969800978], [0.0009842086837920927, 0.000251177322308338, 0.9999994841214768, 0.9777141141748641]], "21": [[0.9999998751852635, -0.0004954817983000175, 6.424363633717595e-05, 0.04081582886052754], [0.0004954985473867644, 0.999999843190855, -0.0002609587223607185, -0.0774092658424483], [-6.411432596614003e-05, 0.0002609905224177367, 0.9999999638866494, 0.9961635777703183]], "22": [[0.9999994022576661, -0.0008506296366644806, -0.0006869596284112545, 0.14516219240898115], [0.0008505091623842499, 0.9999996228912079, -0.00017564625441030164, -0.013745200181606186], [0.0006871087792622299, 0.0001750618839609537, 0.9999997486173995, -0.9893123911924815]], "23": [[0.9999999545844339, -8.351130106344239e-05, -0.0002895807191478951, 0.01801754754536125], [8.335206237053183e-05, 0.9999998453518487, -0.000549862448865391, -0.02069630582015722], [0.00028962659409327227, 0.000549838286742918, 0.9999998068971285, 0.9996234445559233]], "24": [[0.9999995094513637, -0.00015469042457774652, -0.0009783495822256877, 0.07667082407537255], [0.00015440976778177337, 0.9999999469124963, -0.00028693662675112475, 0.03566413738553473], [0.000978393916636261, 0.00028678541926292767, 0.9999994802495984, -0.9964184131378487]], "25": [[0.9999998071093809, -0.0005281308536808083, -0.0003268929522674824, 0.05267112939598819], [0.0005282282656888185, 0.9999998160916812, 0.00029797903181326413, -0.10615363237714195], [0.0003267355202286673, -0.00029815164843312314, 0.9999999021747427, -0.9929537544424162]], "26": [[0.9999996959650287, -0.0007585482693307653, 0.00018076054035733036, 0.0162734487399898], [0.0007585902781106803, 0.9999996852549967, -0.00023244504099974306, 0.06414397311189447], [-0.00018058416268027996, 0.00023258209351686987, 0.999999956647464, -0.9978079602706762]], "27": [[0.9999998603592074, -0.0003786544515713298, -0.0003686493889348691, 0.056095322222649055], [0.0003784647952107655, 0.9999997960802445, -0.0005143966064874161, 0.1515209381584937], [0.0003688440923249256, 0.0005142570138412794, 0.9999997997468596, -0.9868610439794991]], "28": [[0.999999978347283, 0.0001434507475051635, -0.00015075581755039091, -0.02355995294031819], [-0.00014354333844760338, 0.9999998009865225, -0.0006143469907597884, 0.06295238706422071], [0.00015066765901288956, 0.0006143686174508167, 0.9999997999252093, -0.9977384053850822]], "29": [[0.9999999932910268, -0.00011579318396097785, 3.143912585934494e-06, -0.1358594332057804], [0.000115796833880185, 0.9999992889415152, -0.0011868898672548478, 0.14073337606496628], [-3.0064765936532734e-06, 0.0011868902233472256, 0.9999992956410313, -0.9806815646632503]], "30": [[0.9999995204190335, -0.00033412475511867667, -0.0009206097711461428, 0.035800067226902155], [0.00033347263255197653, 0.9999996934671984, -0.0007084218461384656, 0.10574227994055024], [0.0009208461902249429, 0.000708114508228927, 0.9999993253078412, -0.9937489247388013]], "31": [[0.9999998368662301, -0.0002604207312157311, -0.0005083783590626584, -0.12211715929802928], [0.00025998906313163747, 0.9999996058112581, -0.000848989408217149, 0.18862917808366492], [0.0005085992531081579, 0.0008488570969050202, 0.9999995103840946, -0.974426206841986]], "32": [[0.9999999421996024, 0.00032263602690196856, -0.0001072696871755735, 0.01232378801212806], [-0.00032266554666405417, 0.9999999100515352, -0.00027528869702522774, -0.06451034996700504], [0.0001071808594753712, 0.0002753232933457028, 0.9999999563546728, 0.9978409387252892]], "33": [[0.99999999536134, 8.287044167059623e-05, 4.90898097924089e-05, 0.04715957689130851], [-8.288737461208595e-05, 0.999999937039758, 0.0003450364659268977, -0.027369077182255376], [-4.90612133774021e-05, -0.00034504053325183637, 0.9999999392700122, -0.9985123474056916]], "34": [[0.9999996264358392, -0.000864332856263833, 7.5429496831647125e-06, 0.06695938678045818], [0.0008643309571386339, 0.9999995956525388, 0.00024824736744452625, -0.14368674521685462], [-7.757514989353842e-06, -0.0002482407551033239, 0.9999999691581738, 0.9873553361232073]], "35": [[0.999999374016983, -0.0003357768036162372, -0.0010673422976030592, 0.056780307334045106], [0.00033627952806986224, 0.999999832602855, 0.0004708612761054054, 0.07924162243714675], [0.0010671840146387473, -0.000471219906718362, 0.9999993195348079, -0.9952370380831796]], "36": [[0.9999991323568976, -0.0005816248094660793, -0.0011819467132237272, 0.00674772667502486], [0.0005825999595314226, 0.9999994900910948, 0.0008248604959571748, 0.027857192448708393], [0.0011814663512097721, -0.0008255483823799495, 0.9999989613030253, -0.9995891381030483]], "37": [[0.9999987719616512, -0.0015571948259934885, -0.00017669030360746574, -0.09272648605968321], [0.0015573444893786734, 0.9999984260149475, 0.0008500857421100266, 0.10046461958312435], [0.00017536627638031765, -0.0008503598658428091, 0.9999996230673128, -0.9906102457551313]], "38": [[0.9999991882199936, -0.001002698639607439, -0.0007862282058050223, 0.013846687928276487], [0.0010031941646525466, 0.9999992982779494, 0.0006301151296020172, 0.022903996264942134], [0.0007855958385080044, -0.0006309033576353401, 0.9999994923999371, -0.999641773931298]], "39": [[0.9999978561084149, -0.002051846997611812, 0.00027875163264499264, -0.06305240306168766], [0.002052067215484654, 0.999997580844153, -0.0007920391310953512, 0.2501254540060857], [-0.00027712581518820473, 0.0007926094501359005, 0.999999647485709, -0.9661581918746]], "40": [[0.9999994442208867, -0.0010145068106661077, -0.000286938754525759, -0.0002831414369870401], [0.001014518382587075, 0.9999994845686271, 4.018621125819258e-05, 0.012037552730870007], [0.00028689783744350716, -4.047729356467834e-05, 0.9999999580256088, -0.9999275059498953]], "41": [[0.9999999600827305, 3.876487166233622e-05, -0.00027987822762320924, -0.054439117758805076], [-3.8655611114883377e-05, 0.9999999230542547, 0.0003903808761631239, 0.06731321269064551], [0.0002798933391523206, -0.00039037004171624257, 0.9999998846354679, -0.9962456092023225]], "42": [[0.9999996520869834, -0.0008326596650601037, 5.003792843998045e-05, -0.0969397682220093], [0.0008326446099176064, 0.999999608307591, 0.000300145993366141, 0.2981999826971416], [-5.028782830292233e-05, -0.00030010422512993795, 0.999999953704293, -0.949568034243196]], "43": [[0.9999955744579703, 0.0029367442044702114, -0.0004760230575140689, -0.06557867203072247], [-0.0029365490301907476, 0.9999956042015699, 0.0004101918214433342, 0.16951930862085346], [0.00047722559346700943, -0.00040879214107436557, 0.9999998025723398, -0.9833425861719784]], "44": [[0.9999968996025815, 0.0024114553017086995, -0.0006210221833138074, -0.07442608913700995], [-0.0024117671193976155, 0.9999969657606272, -0.0005018454947903206, 0.12013796837120404], [0.0006198101210047602, 0.0005033416997520385, 0.9999996812412226, -0.9899634467046797]], "45": [[0.9999971335953959, 0.0017067211550768997, -0.0016792569460749446, -0.02882554156601431], [-0.0017106367263774866, 0.9999958152637412, -0.002333061721483398, 0.17215512018008997], [0.0016752680330313595, 0.002335927632589496, 0.9999958684510216, -0.9846480095695136]], "46": [[0.9999988413976935, 0.0010888476593102008, -0.001063773493258896, -0.019201523994563523], [-0.001089817665316838, 0.9999989905496152, -0.0009117001739922942, 0.08221535070260451], [0.0010627797168318819, 0.0009128584368392201, 0.9999990185938924, -0.9964295948962646]], "47": [[0.9999995197024802, 0.0007949677002904638, -0.000573254885931419, -0.007090892320552492], [-0.0007943222723007516, 0.9999990514311287, 0.0011252506259194217, 0.052916516423663795], [0.0005741488800616026, -0.0011247947363412156, 0.9999992025946143, -0.9985737636928393]], "48": [[0.9999985264097904, -0.0014593230243888766, -0.0009041872362212031, 0.06001825837274369], [0.0014604289742850278, 0.9999981848608903, 0.0012236920101178356, 0.0629352465707057], [0.000902399833070465, -0.0012250107081352296, 0.9999988425109833, -0.996211304594054]], "49": [[0.9999950382578257, -0.0030999361261166486, -0.000560228295915891, 0.004654552800669711], [0.0031002399508015897, 0.9999950472150827, 0.0005422707363393203, 0.06428890502493428], [0.0005585445165799206, -0.000544004887876301, 0.9999996960433062, -0.9979204736996434]], "50": [[0.9999978546065736, -0.0017753722983508452, -0.001067162336494986, 0.0005488111938755334], [0.0017747340145906044, 0.9999982458996203, -0.0005987627747877471, 0.028892575258970342], [0.0010682234914287697, 0.0005968675609083589, 0.9999992513235634, -0.9995823717439091]], "51": [[0.9999995139044323, -5.337225041300629e-05, -0.000984551828106168, -0.003095964731157658], [5.170783427263287e-05, 0.9999985698012106, -0.0016904797642306874, 0.06054125181429683], [0.0009846406447106418, 0.001690428033453234, 0.9999980864661014, -0.9981608947615316]], "52": [[0.999999131117486, 0.000947458226346409, -0.0009165626996932297, -0.03248653726722923], [-0.0009490720490831185, 0.9999979974764092, -0.0017619039183385185, 0.034841743194818524], [0.0009148915338933403, 0.0017627722714905203, 0.9999980278017554, -0.9988646944544248]], "53": [[0.9999979954846576, 0.0019272008821220662, -0.00054306852869772, -0.013741701671617708], [-0.0019275008360087093, 0.9999979898226817, -0.0005523505437260226, -0.01708905072399995], [0.0005420029465785792, 0.0005533962015739566, 0.9999996999926799, -0.9997595360788116]], "54": [[0.9999953601257071, 0.002899281296154005, -0.0009348235252116775, -0.019683049003343167], [-0.0028998989106965314, 0.9999955774848112, -0.0006599978232783577, 0.09660972265690412], [0.0009329058715959217, 0.0006627056546938959, 0.9999993452537106, -0.9951276998808183]], "55": [[0.9999922189368768, 0.003909230610613605, -0.0005291330022879001, -0.0237651919369412], [-0.003908885038666277, 0.999992147362709, 0.0006525570261541498, 0.024606866872407308], [0.0005316798431001697, -0.0006504836284906279, 0.9999996470937347, -0.9994146875821488]], "56": [[0.9999974605170275, 0.0020516588082070413, -0.0009325532856383593, 0.012966619779443378], [-0.002050974844027076, 0.9999976275190483, 0.0007337972905370679, 0.03493918933663114], [0.0009340565748480207, -0.0007318827837417899, 0.9999992959427051, -0.9993053186188866]], "57": [[0.9999990944604508, 0.0013397689366597843, -0.0001268758277364196, -0.08673065185817196], [-0.0013397077553126135, 0.9999989868731033, 0.0004810778490266371, 0.08536013953228282], [0.00012752023235321208, -0.00048090743686120263, 0.9999998762333061, -0.9925681037628027]], "58": [[0.999999541920111, -0.00027311858856188015, -0.0009173689578041667, -0.002805447655864014], [0.0002740144366017957, 0.9999994856262024, 0.0009765569205587993, 0.0796454960281592], [0.000917101770085835, -0.0009768078455558021, 0.9999991023849852, -0.9968193037987771]], "59": [[0.9999993743181076, -0.0006085183447312684, -0.000938652660668407, 0.007202481257731142], [0.0006098023724648321, 0.9999988779904335, 0.0013682685923110532, 0.03499564888072929], [0.000937818990952158, -0.0013688401288295543, 0.9999986233851734, -0.9993615105772029]], "60": [[0.9999960835796347, -0.0026218153336307086, -0.0009792393725147758, 0.03867355979944119], [0.0026223995493546435, 0.9999963840180326, 0.0005957948161276205, 0.07239315973412006], [0.000977673767618023, -0.0005983604396340991, 0.9999993430591783, -0.9966261015025389]], "61": [[0.9999961594262601, -0.0020360823274914036, -0.0018802929254438383, 0.08980027524616686], [0.0020371489946788817, 0.9999977650878421, 0.0005655468981980785, 0.04952404409396024], [0.0018791372231095477, -0.0005693751630162572, 0.9999980723257522, -0.994727741456069]], "62": [[0.9999970546592559, -0.0023050042245263145, -0.000760018643435079, -0.005426940845508318], [0.0023051554974714917, 0.9999973234793856, 0.00019822259565817346, 0.0963723507614798], [0.0007595597053090932, -0.00019997397297920327, 0.9999996915396845, -0.9953305573133809]], "63": [[0.9999999082846195, -0.00020224700372064328, -0.00037752735306150094, -0.004728459684331045], [0.00020227833897473139, 0.9999999761001456, 8.296494361746676e-05, 0.0740844951222267], [0.0003775105646274257, -8.304130161421175e-05, 0.9999999252949552, -0.9972407579173138]], "64": [[0.9999998200134342, 0.0004271755669480442, -0.0004213005269820408, -0.01470517021852411], [-0.00042710161989855094, 0.99999989337525, 0.00017559525732913084, 0.07947038523439293], [0.00042137549206458513, -0.00017541528758682756, 0.9999998958360802, -0.9967287574057153]], "65": [[0.999999837745951, 0.00023406843621185704, -0.0005193457789925068, -0.049463462532202025], [-0.0002341823572398734, 0.9999999485319891, -0.0002193049077688497, 0.06689672618151891], [0.0005192944199060093, 0.00021942649380450596, 0.9999998410926468, -0.9965330872081068]], "66": [[0.9999994547300107, 0.00028209763845074955, -0.0010054653668157935, -0.009893286609598631], [-0.00028201766618565646, 0.9999999570586888, 7.967845543695173e-05, 0.03329138041963415], [0.0010054878007438907, -7.939485299450488e-05, 0.9999994913452406, -0.9993967214624108]], "67": [[0.9999972879485797, 0.002220457084934497, -0.0007026135638403784, 0.012600841612064987], [-0.002220504400672228, 0.9999975324613048, -6.656956753964272e-05, 0.05706548924597749], [0.0007024640152464203, 6.81295435097859e-05, 0.9999997509513053, -0.9982909138762032]], "68": [[0.9999956703964294, 0.00285099439918622, -0.0007287107306387722, -0.017445228839542522], [-0.0028518999499928944, 0.999995158717706, -0.0012446717748809157, 0.013346094268727795], [0.000725158650485426, 0.0012467445960418627, 0.9999989598858808, -0.9997587437769704]], "69": [[0.9999988671500092, 0.0003927267384691445, -0.0014530878869401, 0.023233473000136663], [-0.00039456380820708124, 0.9999991230816043, -0.0012641817207730555, 0.0784053343594779], [0.0014525901347362431, 0.0012647536245356805, 0.9999981451883647, -0.9966507960546314]], "70": [[0.9999986589385749, 0.0008433585345503985, -0.0014038758612521206, 0.02342183836166945], [-0.0008448122065540574, 0.999999107326536, -0.0010351997229570385, 0.017352283992823098], [0.0014030015635280862, 0.0010363843461547347, 0.9999984787458926, -0.9995750675802153]], "71": [[0.9999993208975337, 0.00017946272518575777, -0.0011515196921158787, 0.019117968498214], [-0.00018127458828898457, 0.9999987455510424, -0.0015735424572661354, 0.024468098136406165], [0.0011512358553756388, 0.0015737501299276785, 0.9999980989814599, -0.9995177914645084]], "72": [[0.9999996801034555, -0.0004464196177708773, -0.0006637036323851805, 0.036746257292279656], [0.00044640377558716594, 0.9999999000734141, -2.4017312382898504e-05, -0.013885346373058436], [0.0006637142878629515, 2.372102489247435e-05, 0.9999997794603042, -0.9992281569947424]], "73": [[0.9999994924686565, -0.0009867750747200566, -0.00020331596365173558, -0.013250525662939203], [0.0009870184688308638, 0.9999987922721515, 0.0012005202123319403, 0.022435574579821527], [0.00020213107467915298, -0.0012007202796414339, 0.9999992587066446, -0.9996604766434097]], "74": [[0.9999999887304345, 6.86566009311184e-05, -0.00013351180524936914, -0.005708017634131276], [-6.84683602995328e-05, 0.9999990044353969, 0.0014094113305246694, 0.06243080416811641], [0.00013360843772101082, -0.0014094021733068174, 0.9999989978666475, -0.998032972013255]], "75": [[0.9999994061569333, 0.00032721156993032255, -0.001039527954980947, 0.05317081195764809], [-0.0003257039984209064, 0.9999988955850709, 0.0014500846677741874, 0.0396070979272641], [0.0010400012913914652, -0.0014497452282400194, 0.9999984083167768, -0.9977996505058241]], "76": [[0.9999983758473165, 0.001631869492962451, -0.000765052080996545, -0.0329651615999318], [-0.001631197167244348, 0.9999982836281618, 0.0008785991873092036, 0.037245569049053615], [0.000766484527093006, -0.0008773498095426546, 0.9999993213791605, -0.9987622668617906]], "77": [[0.99999841678829, 0.0012267193887474897, -0.0012890230619923386, -0.01827540845791184], [-0.0012281579267870474, 0.9999986233165289, -0.001115792612451913, 0.10555479556160502], [0.0012876525229840868, 0.0011173739698074059, 0.99999854671214, -0.9942455403871039]], "78": [[0.999998319092491, 0.0016769382229699704, -0.0007414110793764785, -0.009338296984575034], [-0.0016779999218812292, 0.9999975644041718, -0.0014337021956971271, 0.029600596970646362], [0.0007390050435864288, 0.0014349438735096094, 0.9999986974029643, -0.9995181843610497]], "79": [[0.9999996207572637, 0.00031942428361262883, -0.0008102181531873809, 0.014456551940564794], [-0.00032056101205313044, 0.9999989640659747, -0.0014032489496611997, 0.038210609248884954], [0.0008097690820643554, 0.0014035081418403914, 0.9999986872186031, -0.9991651302196343]], "80": [[0.9999993906462121, -0.00029080153773501584, -0.001064960877234792, 0.02136256090811575], [0.0002897929789741234, 0.9999995095389042, -0.0009470702089425867, 0.049845392776695745], [0.0010652357643859932, 0.0009467610136566704, 0.999998984457659, -0.9985284561845917]], "81": [[0.9999991990615912, 0.0007408796779875495, -0.0010261449599079757, -0.02104502534690761], [-0.0007412688620254352, 0.9999996534625262, -0.0003789397064338437, 0.0278668882257921], [0.0010258638555826066, 0.00037970005223318323, 0.9999994017154309, -0.9993900857266691]], "82": [[0.9999997224959974, 0.0006816307272185869, -0.00030064510450757836, -0.037900495725083784], [-0.0006816192252019487, 0.9999997669618983, 3.8358591992061764e-05, 0.03750452333762953], [0.0003006711808407961, -3.8153655864174574e-05, 0.9999999540705689, -0.9985774697803923]], "83": [[0.9999980811736757, 0.0014802267844753387, -0.0012831904118907958, -0.013191163480357919], [-0.0014812580809150059, 0.9999985804356517, -0.0008031196541847807, 0.0887618274631564], [0.001281999791096217, 0.0008050188493045896, 0.9999988542099376, -0.9959655271099676]], "84": [[0.9999984960900975, 0.0010738706250018515, -0.0013618441261549555, -0.009883842717665544], [-0.001073753098038691, 0.9999994197400314, 8.702807063117046e-05, 0.03579547553877989], [0.0013619367928199323, -8.556565539928618e-05, 0.999999068902912, -0.9993102589206643]], "85": [[0.9999966729267294, 0.0023315531913595737, -0.0011036281924231162, 0.008798291799404613], [-0.002331443856990951, 0.9999972771465767, 0.0001003442793204995, 0.042050532465138006], [0.001103859145430001, -9.77708982980996e-05, 0.9999993859677307, -0.9990767451906839]], "86": [[0.9999991183355894, 0.0009545367285096273, -0.0009231401181231713, -0.0005958351413045301], [-0.0009547303515420406, 0.9999995223361767, -0.0002093259997050928, 0.09569690589813815], [0.0009229398678175936, 0.00021020716503933334, 0.9999995519973737, -0.9954103411066249]], "87": [[0.999997587145682, 0.0021858009262366654, -0.0002190368119379671, -0.01335991581976023], [-0.0021857993995659415, 0.9999976111116535, 7.209069098346177e-06, 0.0691971533402116], [0.00021905204627338526, -6.730281171860031e-06, 0.9999999759854518, -0.9975135420729385]], "88": [[0.9999988320033073, 0.0006959282312269437, -0.0013607629911973704, 0.0109299382607455], [-0.0006951948952393256, 0.9999996129221336, 0.000539314046487091, 0.08135221997248213], [0.0013611377883465305, -0.0005383674210849981, 0.9999989287316466, -0.9966254826940585]], "89": [[0.999998070920888, 0.0012732809810163015, -0.0014956303171579219, -0.0025292510514307214], [-0.0012724697601008863, 0.9999990428656913, 0.0005432204067060964, 0.037913780549399576], [0.0014963205578511956, -0.0005413162144401185, 0.9999987339999706, -0.9992778132899633]], "90": [[0.999999101591081, -3.6343485625394404e-05, -0.0013399612612594565, 0.004983062591909369], [3.8007444107715884e-05, 0.9999992282544662, 0.0012417914101012922, 0.04169852246432964], [0.0013399150961220453, -0.0012418412229674436, 0.9999983312275637, -0.9991178120279394]], "91": [[0.9999993219363145, -0.0009682468023138662, -0.0006470123963404368, 0.005785057492759165], [0.0009687196928786207, 0.9999992636321852, 0.0007309700704353911, 0.07902401390850868], [0.0006463041604680472, -0.0007315963484409715, 0.999999523528744, -0.9968559265689266]], "92": [[0.9999998237208991, 0.0005638959445432379, 0.00018595573221115436, -0.037186519895567476], [-0.0005639603990770983, 0.9999997808592476, 0.00034674215916464385, 0.054592587233099975], [-0.000185760164963307, -0.000346846969710185, 0.9999999225951673, -0.9978160211969203]], "93": [[0.9999986736734761, -0.000684410816069435, -0.0014779151273284392, 0.019466816084879907], [0.0006819780463934162, 0.9999984128609292, -0.0016459591632123766, 0.1235303170010842], [0.001479039293925559, 0.001644949074461416, 0.9999975532896616, -0.992149839415967]], "94": [[0.9999963168920339, 0.0025451680323424174, -0.0009425083841294556, -0.025283017387840452], [-0.0025465626431603553, 0.9999956601558075, -0.0014814480262122648, 0.04596373419557856], [0.0009387337596320246, 0.0014838427265210855, 0.9999984584936578, -0.998623104164211]], "95": [[0.9999941332529032, 0.003105102680564558, -0.0014463046422467166, -0.031876365574792905], [-0.003104902413936803, 0.999995169881638, 0.0001406925522141056, 0.05841253486626924], [0.0014467345212451077, -0.00013620109203147518, 0.9999989442036864, -0.9977834800638057]], "96": [[0.9999970822518104, 0.0023041943928844497, -0.0007253799457873494, -0.06098966417802444], [-0.0023033709679573947, 0.9999967043033104, 0.0011339597441336474, 0.088490801964388], [0.0007279904188392111, -0.0011322856164167894, 0.9999990939792059, -0.9942080460502978]], "97": [[0.9999983974817985, 0.0017697463533579904, -0.0002702437412107697, -0.017174696648100177], [-0.0017696757627612004, 0.9999984000028107, 0.00026122693850097467, 0.06034674530344802], [0.00027070561424337447, -0.00026074827608121853, 0.9999999293644012, -0.9980297090399297]], "98": [[0.999998855507534, 0.0014829763334471128, -0.0002996077714122027, 0.006072587845684367], [-0.0014830000912430504, 0.9999988972271633, -7.908973571277289e-05, 0.06414749366279093], [0.0002994901528065898, 7.95339635475123e-05, 0.9999999519899974, -0.9979219522255428]], "99": [[0.9999943781027347, 0.0032420702008373126, -0.0008560045203877507, -0.01605606311521436], [-0.0032418245060825183, 0.9999947037269362, 0.00028825673908466215, 0.04463647399545954], [0.0008569345353379512, -0.0002854801021034206, 0.9999995920820736, -0.9988742603683873]], "100": [[0.9999950503290792, 0.002834485938637835, -0.0013656525201290945, 0.012542212703409583], [-0.002834447317389996, 0.9999959824896577, 3.021504530838215e-05, 0.03527894553388654], [0.0013657326777270391, -2.6344025631681867e-05, 0.9999990670396873, -0.9992987986095647]], "101": [[0.9999991596775011, -0.00041457545205444757, -0.0012283205958699122, -0.011291949832521912], [0.00041446429831010196, 0.9999999099922847, -9.074561906015355e-05, 0.03421230707044861], [0.0012283581062176134, 9.0236447770696e-05, 0.9999992414965854, -0.999350794222878]], "102": [[0.9999967414928317, -0.0021149987411894734, -0.0014296097521099213, 0.0439383006539784], [0.00211635689247571, 0.9999973100501779, 0.0009491711711407912, 0.016274179429114792], [0.0014275984106992962, -0.0009521936427121548, 0.9999985276439383, -0.9989016852621431]], "103": [[0.9999992697139372, -0.001173740114867814, -0.0002879335596795464, 0.006364377258916695], [0.001174149353312907, 0.9999982949921071, 0.0014252670537853035, 0.07389597844684445], [0.00028626017563509066, -0.0014256040899355005, 0.9999989428534866, -0.9972456463036024]], "104": [[0.9999999668410341, 0.0002551274171746095, 3.504185486474104e-05, 0.03869487708980061], [-0.0002551753290758697, 0.9999990233037916, 0.0013741459217496838, 0.07082386089135398], [-3.4691238339670805e-05, -0.001374154818001308, 0.9999990552470808, -0.9967380233619301]], "105": [[0.9999999376456529, -9.19284629399093e-06, 0.0003530215036378452, -0.02457507914518474], [9.20552700986628e-06, 0.9999999993125452, -3.591891093487898e-05, 0.11347029351392657], [-0.000353021173198121, 3.592215844416824e-05, 0.9999999370428229, -0.9932374126938993]], "106": [[0.9999992828146627, -3.867356644298055e-05, -0.0011970273662526495, 0.0347452070189831], [3.697008522085348e-05, 0.9999989867343667, -0.001423082377344509, 0.042216168407229956], [0.0011970811890168256, 0.0014230371025269403, 0.9999982709795213, -0.9985041640945823]], "107": [[0.9999988700689955, -0.0008914254662268817, -0.0012104632873959284, -0.03650031380558744], [0.0008899022443409474, 0.9999988123324153, -0.0012583353108018835, 0.08848335503157329], [0.0012115835619090284, 0.0012572566949737018, 0.9999984756842759, -0.9954086713377828]], "108": [[0.9999993854458356, -0.00010472687952023862, -0.0011036939030826549, 0.010319046189519124], [0.00010437426272324389, 0.999999943499904, -0.0003195406105189827, 0.05225177182979764], [0.0011037273052148262, 0.0003194252169065881, 0.9999993398765653, -0.9985806275040514]], "109": [[0.9999996187991741, 0.000827650530397917, 0.00027820155606990415, 0.038931005446491744], [-0.0008276408004898687, 0.9999996568897235, -3.508761791976012e-05, 0.016317307842302325], [-0.0002782305009016925, 3.485735358574327e-05, 0.9999999606863759, -0.9991086638998307]], "110": [[0.9999999331984325, 0.00036506302950472657, 1.822402070824139e-05, 0.0086813027448237], [-0.0003650531712772193, 0.9999997886188209, -0.0005380506443449368, 0.029227468415147572], [-1.84204392542648e-05, 0.0005380439556657464, 0.9999998550846844, -0.999535086964282]], "111": [[0.9999999175879508, 0.0003937397427621666, -9.896012748794591e-05, 0.023523082214523632], [-0.0003937261205180173, 0.9999999130180782, 0.00013763567196814486, 0.0616280438215733], [9.901431151426374e-05, -0.00013759669743824282, 0.9999999856316576, -0.9978219524633918]], "112": [[0.9999998542634189, 0.00016665487578511882, -0.0005135165944361222, 0.01208675327296331], [-0.00016575364914420186, 0.9999984470338623, 0.0017545528180096803, 0.06703227954280329], [0.0005138082017441797, -0.0017544674450577502, 0.9999983289211619, -0.9976775951651987]], "113": [[0.9999999530991293, -6.565031091726578e-05, -0.0002991517602132362, -0.006655942102378382], [6.625170726400748e-05, 0.9999979762004829, 0.002010772401109126, 0.0816188210309258], [0.0002990191469566814, -0.0020107921261170725, 0.9999979336491529, -0.9966413931240523]], "114": [[0.999999568172679, -0.0009211533129337571, 0.00012300825138262562, -0.005840048886760333], [0.0009208620728226507, 0.999996821613494, 0.0023470781735177026, 0.13098800618555118], [-0.0001251698792502729, -0.0023469638863519438, 0.9999972380426946, -0.9913667515428054]], "115": [[0.9999987435794069, -0.001485299148845219, 0.0005538285349250688, 0.022667642171123957], [0.001484478196432871, 0.9999978032577977, 0.0014797986563239163, 0.036146524383243735], [-0.000556025261991288, -0.0014789746506897739, 0.9999987517341663, -0.9990893887803101]], "116": [[0.9999930190848534, -0.0037233931088418454, -0.0003132496083517247, 0.051106397335296774], [0.0037231533607038937, 0.9999927783420001, -0.0007624912458902323, 0.027720443843600902], [0.00031608640082070316, 0.0007613196466714836, 0.9999996602408336, -0.9983084258607259]], "117": [[0.9999975610510953, -0.0021980827994510467, 0.00021522979851797304, -0.014949644137164793], [0.0021983568167391193, 0.9999967627591044, -0.0012812878753666775, 0.0218693402830693], [-0.0002124127249272332, 0.001281757902265767, 0.999999155988401, -0.9996490584678982]], "118": [[0.9999999006531444, 1.2932774927874695e-05, -0.00044556306264651596, 0.03736133291884064], [-1.3147268371722443e-05, 0.9999998840410435, -0.0004813990557028386, 0.03615471052295234], [0.000445556785153782, 0.00048140486581459835, 0.99999978486423, -0.998647569320393]], "119": [[0.9999995374113845, 0.0006848698852411751, -0.0006753741612125393, 0.02329313827255822], [-0.0006844119721371902, 0.9999995359397836, 0.0006780121456685106, 0.06975823513856214], [0.0006758381978986573, -0.0006775495978662005, 0.9999995420845316, -0.9972919423818527]], "120": [[0.9999999737074756, 0.00013380797823869155, 0.0001862269399697733, -0.039437454005049284], [-0.0001340117406425593, 0.9999993919678124, 0.0010945797636794097, 0.08256371988125098], [-0.00018608036323262273, -0.0010946046914965257, 0.9999993836071438, -0.9958051613548555]], "121": [[0.999999368227427, 0.001005780380962503, -0.0005019467821043583, -0.013097322035254289], [-0.0010051539959991303, 0.9999987178173303, 0.0012466070510616517, 0.06951540441743552], [0.0005031999514316498, -0.0012461017296757082, 0.9999990970097363, -0.9974948965805214]], "122": [[0.9999985672149192, 0.0015763855054720419, -0.0006169091073883752, 0.0020808418205313733], [-0.0015760365722925908, 0.9999985980489816, 0.0005656931979617606, 0.017965546410022], [0.0006177999930698358, -0.000564720116129968, 0.9999996497071182, -0.9998364412440203]], "123": [[0.9999988262564762, 0.0008099332561807336, -0.0013005744077880313, 0.052100427650036744], [-0.000809779043763613, 0.9999996650371135, 0.00011909475652761153, 0.0479761591389861], [0.0013006704309478229, -0.00011804143884063673, 0.9999991471609608, -0.9974887636424553]], "124": [[0.9999992659393685, 0.0009743581100821513, -0.0007202409301260834, 0.00681288779126278], [-0.0009742930183084631, 0.9999995212613527, 9.072033833273929e-05, 0.10343915308391809], [0.0007203289794163164, -9.001854602883053e-05, 0.9999997365113766, -0.9946124502383958]], "125": [[0.9999998198473378, -0.00020290163466205806, -0.0005649214269983025, -0.013108750203786126], [0.00020252889104811962, 0.9999997618269273, -0.0006597940111745942, 0.11872495512333504], [0.0005650551657326117, 0.0006596794794007654, 0.999999622767751, -0.992840644665123]], "126": [[0.999999960969161, 0.00022206530286827085, -0.0001695543498583217, 0.03108107692099437], [-0.00022231825408317528, 0.9999988603132163, -0.0014933006604923443, 0.03966098290038852], [0.00016922254635601958, 0.0014933382972346018, 0.9999988706515922, -0.9987296796895576]], "127": [[0.9999999596032348, -0.0002023086418104894, 0.00019966156895099944, 0.012697238744934633], [0.00020267664349596815, 0.9999982777582466, -0.0018448313524935325, 0.04601331558786064], [-0.00019928799976020282, 0.0018448717447049623, 0.9999982783647872, -0.9988601278041215]], "128": [[0.9999995009901316, -0.0009895737094436767, -0.0001369794191653298, 0.006670393944912861], [0.0009892777038719544, 0.9999972114186843, -0.002144407722422595, 0.03794757242261052], [0.00013910108669152026, 0.0021442711416567242, 0.9999976913734144, -0.9992574681191281]], "129": [[0.9999975205656738, -0.0018652292073243408, -0.001216463114512463, 0.01678646829535684], [0.001862450466043629, 0.9999956631786286, -0.002281425474616211, 0.09121373516023523], [0.0012207132203588336, 0.0022791542156770372, 0.9999966576520618, -0.9956898457854672]], "130": [[0.9999931723473652, -0.003424037830997223, -0.0013896847070235807, 0.07583539284101916], [0.003422165426714887, 0.9999932364802817, -0.0013475078786244557, 0.04557879589547009], [0.0013942892258176492, 0.0013427429473502825, 0.999998126497711, -0.996078092599856]], "131": [[0.9999983682618181, -0.0016684943559468334, 0.0006925317937656224, -0.012372423397548826], [0.0016697579702859085, 0.9999969350108848, -0.0018280801833977789, 0.12021688875512254], [-0.0006894795296950237, 0.0018292335609318422, 0.9999980892594534, -0.9926705509872398]], "132": [[0.999997304129283, -0.00231180532660952, 0.00021746332614702713, 0.03589132548868275], [0.002312041714984485, 0.9999967297602049, -0.0010931294542058795, 0.07565248875679047], [-0.00021493551249489318, 0.001093629291551712, 0.9999993788886562, -0.9964880900941914]], "133": [[0.9999989474411684, -0.001065827565099394, 0.0009844430696479833, -0.02931783493989583], [0.001066728522318441, 0.9999990123190053, -0.0009151236379558447, 0.09740228049486631], [-0.0009834667333335975, 0.0009161728082353743, 0.9999990967098771, -0.9948131785962813]], "134": [[0.9999991612567024, 0.0012294915102914498, 0.00040723030057523285, -0.03484061985340523], [-0.0012295123420043017, 0.99999924285359, 5.090822683423424e-05, 0.03579354677244472], [-0.00040716740100957965, -5.140887881590478e-05, 0.999999915785914, -0.9987516974792481]], "135": [[0.9999991467169985, 0.0013040362765934688, 7.781172027735914e-05, -0.008435100474202071], [-0.0013040939203074657, 0.9999988718463346, 0.0007454160617574729, 0.08866553592240933], [-7.683958290808333e-05, -0.0007455168994980471, 0.9999997191500763, -0.996025738532686]], "136": [[0.9999970291765182, 0.002329143056202201, 0.000718839872002516, -0.012879869371518258], [-0.0023304525178787297, 0.9999956169785817, 0.0018262022581133144, 0.03045467528268454], [-0.0007145832350032525, -0.0018278720549784189, 0.9999980741254209, -0.9994531613429409]], "137": [[0.9999953080111494, 0.0028312792604586598, 0.001169535564043478, -0.05526525708854887], [-0.0028315248474058696, 0.9999959695133801, 0.00020838434070385992, 0.10854557598347342], [-0.0011689408559839853, -0.00021169493197639722, 0.9999992943810164, -0.9925540838127425]], "138": [[0.9999969123929284, 0.0023583782945795816, 0.0007831069084242893, 0.026476502537659163], [-0.002357777348564208, 0.9999969259673496, -0.0007674254526206514, 0.03840622781154756], [-0.0007849143806582491, 0.0007655766913821985, 0.9999993989006917, -0.998911385698782]], "139": [[0.99999972495968, 0.0002979058082307784, 0.0006792147622945756, 0.008555490569392752], [-0.00029690014076178364, 0.9999988603501828, -0.001480252898041809, 0.08140025306278553], [-0.0006796549641636014, 0.0014800508319541827, 0.9999986737584527, -0.9966447724151426]], "140": [[0.9999997787662424, 0.0005290438391239534, 0.0004032122046830275, -0.03462386166224095], [-0.0005284861371897907, 0.999998905386933, -0.0013820012079478472, 0.11985093132534376], [-0.000403942902546299, 0.00138178781014206, 0.9999989637457527, -0.9921879572258684]], "141": [[0.9999998150205175, -0.0001194512362162033, -0.000596397798958842, 0.08315167781528118], [0.00011910137687411171, 0.9999998208448241, -0.000586621837163466, 0.05881566901409221], [0.0005964677648149092, 0.000586550696851304, 0.9999996500921814, -0.9947997364067445]], "142": [[0.9999983892777496, -0.0017619955052099313, 0.000341780259895977, -0.005791916646868521], [0.001762122479913161, 0.9999983784305618, -0.0003715650851353891, 0.07008219032524793], [-0.0003411250096656453, 0.00037216674532637717, 0.9999998725628126, -0.9975244058672307]], "143": [[0.9999977670796366, -0.0020759203635531617, 0.00039546224205399237, 0.013607356720527559], [0.0020757497059785183, 0.9999977525492162, 0.00043146225188182147, 0.05926422638334416], [-0.0003963570345468532, -0.0004306404078283019, 0.9999998287249554, -0.9981495836367733]], "144": [[0.9999981261567998, -0.001900647146482139, 0.0003677272269072482, 0.03185499724924588], [0.0019003395480148878, 0.9999978457113045, 0.0